3.7
3.7
3.7
3.7
3.7
3.7
3.7
3.7
4.4
4.4
4.5
5.3
5.3
5.3
5.3
5.3
5.4
5.5
5.5
5.5
5.5
5.5
5.5
5.5
5.5
5.5
5.5
5.5
5.5
5.5
5.5
5.5
5.5
5.5
5.5
5.5
5.5
5.5
5.5
5.5
5.5
5.5
5.5
5.5
5.5
5.5
5.5
5.5
5.5
5.5
5.5
5.5
5.6
5.6
5.6
5.6
5.6
5.6
5.6
5.6
5.6
5.6
5.6
5.6
5.6
5.6
5.6
5.6
5.6
5.6
5.6
5.6
5.6
5.6
5.6
5.6
5.6
6.5
7.3
7.3
7.3
7.4
7.4
7.4
7.5
7.5
7.5
7.5
7.5
7.6
7.6
7.6
7.6
7.7
7.7
7.7
7.7
7.7
7.7
7.8
7.8
7.8
7.8
7.9
7.9
7.9
7.9
8.0
8.0
8.0
9.6
11.2
11.2
11.3
11.3
11.3
11.3
11.3
11.3
11.3
11.3
11.3
11.3
11.3
11.3
11.3
11.3
11.3
11.3
11.3
11.3
11.3
11.3
11.3
11.3
11.3
11.3
11.3
11.3
11.3
11.3
11.3
11.3
11.3
11.3
11.3
11.3
11.3
11.3
11.3
11.3
11.3
11.3
11.3
3.7
4.4
5.5
5.7
7.4
7.5
7.5
7.5
7.5
7.5
7.5
5.3
5.5
6.7
7.5
7.5
7.5
7.5
7.5
7.5
7.5
3.7
4.4
4.4
4.4
4.4
3.7
3.7
3.7
5.4
5.7
7.5
7.5
7.5
7.5
7.5
7.5
7.5
7.6
7.7
7.9
8.1
8.1
8.1
8.1
8.1
8.1
8.2
11.3
11.3
11.3
11.3
11.3
11.3
11.3
11.3
11.3
11.3
11.3
11.3
11.3
11.3
11.3
11.3
11.3
11.3
11.3
11.3
11.3
11.3
11.3
11.3
11.3
11.3
11.3
11.3
11.3
10.6
10.8
17.3
17.3
17.3
17.3
17.3
17.3
17.3
17.5
17.5
17.5
17.5
17.6
17.6
17.6
17.6
17.6
17.6
17.6
17.6
17.6
17.6
17.6
17.6
3.7
3.7
5.4
5.8
7.4
7.5
7.5
7.5
7.5
7.5
7.5
7.5
7.5
7.5
7.5
3.7
5.6
7.3
7.5
7.5
7.5
7.5
7.5
7.5
7.5
7.5
7.7
7.8
11.1
11.2
11.2
11.2
11.2
11.2
11.2
11.2
11.2
11.2
11.2
11.2
3.7
3.7
3.7
3.7
3.7
4.5
5.5
5.8
7.4
7.4
7.4
7.4
3.7
3.7
4.4
4.4
5.3
5.6
5.8
5.8
5.8
5.8
5.8
5.8
7.4
7.5
7.6
7.6
7.6
7.6
7.6
7.6
7.6
7.6
7.6
7.6
7.6
7.6
3.7
3.7
5.5
5.6
5.8
5.8
5.8
5.8
5.8
5.8
5.8
3.7
3.7
3.7
3.7
3.7
5.5
5.6
5.6
5.6
5.6
5.6
5.6
5.6
5.6
5.6
6.8
7.5
7.5
7.5
7.5
7.5
7.5
7.6
7.6
3.7
3.7
3.7
3.7
3.7
3.7
5.3
5.3
5.4
5.4
5.4
5.4
5.4
5.4
5.4
5.5
5.5
5.5
5.5
5.5
5.5
5.7
7.5
7.5
7.5
7.5
7.5
7.5
7.5
7.5
7.5
7.5
7.5
7.5
7.5
7.5
7.5
7.8
7.9
7.9
7.9
7.9
7.9
7.9
7.9
9.6
9.6
9.6
9.6
9.6
9.6
9.6
9.6
11.2
11.2
11.2
11.2
11.2
11.2
11.2
11.2
11.2
11.2
11.2
11.2
11.2
11.2
11.2
11.2
10.5
10.7
10.7
10.8
10.8
10.8
10.8
10.8
10.8
10.9
11.0
11.2
11.3
11.3
11.3
11.3
11.3
11.3
3.7
5.4
5.7
5.7
5.7
5.7
5.7
5.7
5.7
5.7
3.7
3.7
3.7
3.7
3.7
5.7
7.4
7.5
7.6
7.6
7.6
7.6
7.6
7.6
7.6
7.6
7.7
7.9
10.1
10.4
11.2
11.2
11.2
11.2
11.2
11.2
11.2
11.2
11.2
11.2
11.2
11.2
11.2
11.3
11.3
11.3
11.3
11.3
11.3
11.3
11.3
11.3
11.3
3.7
3.7
5.7
7.5
7.5
7.6
7.6
7.6
7.6
7.6
7.6
4.5
4.5
5.5
6.6
7.5
7.5
7.5
7.5
7.5
7.5
7.5
7.5
7.5
7.5
7.5
7.5
7.5
7.7
7.9
7.9
8.0
8.0
8.1
8.8
8.8
8.8
8.8
8.8
11.3
11.3
11.3
11.3
11.3
11.3
11.3
11.3
11.3
11.3
11.3
11.3
11.3
11.3
11.3
11.3
11.3
11.3
11.3
11.3
11.3
11.3
11.3
11.3
11.3
11.3
5.3
5.6
5.8
7.5
7.6
7.6
7.6
7.6
7.6
7.6
7.8
8.0
11.3
11.3
11.3
11.3
11.3
11.3
11.3
11.3
5.4
5.6
7.4
7.5
7.5
7.5
7.5
7.5
7.5
7.5
7.5
7.6
7.6
7.6
7.6
7.6
7.6
7.7
8.0
11.3
11.3
11.3
11.3
11.3
11.3
11.3
11.3
11.3
11.3
11.3
3.7
3.7
3.7
3.7
6.4
7.4
7.5
7.6
7.6
7.6
7.6
7.6
7.6
7.7
7.7
7.7
7.7
7.7
7.7
7.7
7.7
5.6
7.4
7.5
7.5
7.6
3.7
3.7
3.7
3.7
3.7
4.4
4.4
4.4
4.4
4.4
4.4
4.4
5.4
5.8
7.5
7.6
7.6
7.6
7.6
7.6
7.6
7.6
7.6
7.7
7.7
7.9
8.0
8.0
8.0
8.0
8.0
8.0
8.0
8.0
9.9
11.3
11.3
11.3
11.3
11.3
11.3
11.3
11.3
11.3
11.3
11.3
11.3
11.3
11.3
3.7
5.7
6.4
7.3
7.3
7.3
7.3
7.3
7.3
7.4
7.4
7.4
7.4
7.4
7.4
3.7
5.3
6.8
7.4
7.4
7.4
7.4
7.4
7.4
7.4
7.5
7.5
7.5
7.5
7.5
7.5
7.5
7.5
7.7
7.8
7.8
7.9
7.9
7.9
7.9
7.9
7.9
11.2
11.2
11.2
11.2
11.2
11.2
11.2
11.2
11.2
11.2
11.2
11.2
11.3
11.3
11.3
11.3
11.3
11.3
11.3
11.3
11.3
11.3
11.3
11.3
11.3
10.8
11.0
11.0
11.0
11.0
11.0
11.0
11.0
3.8
4.4
4.5
4.5
4.5
4.5
4.5
4.5
5.7
7.4
7.5
7.5
7.6
7.6
7.6
7.6
7.6
7.6
7.6
7.6
3.7
3.7
5.6
5.7
5.7
7.4
7.4
7.4
7.4
7.4
7.4
7.4
7.4
7.4
7.4
7.4
7.4
7.4
7.6
7.8
7.8
7.8
7.8
7.8
7.8
7.8
7.8
7.9
7.9
7.9
7.9
7.9
7.9
7.9
11.3
11.3
11.3
11.3
11.3
11.3
11.3
11.3
11.3
11.3
11.3
11.3
3.7
3.7
5.5
5.7
5.7
5.7
5.7
5.7
5.7
5.7
7.5
7.5
7.5
7.5
7.5
7.5
7.5
7.5
7.6
7.6
7.6
7.6
7.6
7.6
7.6
7.6
7.8
7.8
7.9
7.9
7.9
7.9
7.9
7.9
7.9
7.9
8.1
8.1
8.1
8.1
8.1
8.1
11.2
11.2
11.2
11.2
11.2
11.2
11.2
11.2
11.2
4.5
5.5
5.6
5.6
5.6
5.6
5.6
5.6
5.6
5.8
6.6
6.6
6.6
6.6
6.6
6.6
7.5
7.6
7.7
7.7
7.7
7.7
7.7
7.7
3.7
4.4
4.5
4.5
4.5
4.5
3.7
3.7
5.5
5.7
7.3
7.4
7.5
7.5
7.5
7.5
7.5
7.5
7.5
7.5
7.5
7.5
7.5
3.7
3.7
5.5
6.1
6.1
7.4
7.4
7.4
7.4
7.4
7.4
7.5
7.5
7.5
7.5
7.5
7.5
7.5
7.6
7.8
7.9
8.0
8.1
8.1
8.1
8.1
8.1
8.1
8.1
9.7
9.7
9.7
9.7
9.7
9.7
11.3
11.3
11.3
11.3
10.5
10.5
10.5
10.5
10.5
10.5
10.5
10.5
10.5
10.5
10.5
10.5
10.5
10.9
11.2
11.3
11.3
11.3
11.3
11.3
11.3
11.3
11.3
11.3
11.3
11.3
11.3
11.3
11.3
11.3
15.3
17.6
17.6
16.8
16.9
16.9
16.9
16.9
16.9
16.9
16.9
16.9
16.9
16.9
16.9
16.9
16.9
16.9
16.9
16.9
16.9
16.9
16.9
16.9
3.7
3.7
3.7
3.7
3.7
3.7
3.7
3.7
3.7
3.7
3.7
3.7
3.7
3.7
3.7
3.7
3.7
