9732
9732
9732
9732
9732
9732
9732
9732
11772
11772
11904
13964
13988
14008
14032
14064
14348
14520
14520
14520
14524
14524
14524
14556
14572
14572
14572
14576
14576
14576
14592
14592
14592
14592
14592
14592
14596
14596
14596
14608
14608
14608
14612
14612
14612
14624
14624
14624
14628
14628
14628
14632
14788
14828
14844
14844
14844
14848
14848
14848
14856
14856
14856
14860
14860
14860
14860
14860
14860
14880
14880
14880
14896
14896
14896
14896
14940
17132
19336
19372
19412
19444
19484
19520
19684
19716
19752
19824
19824
20004
20056
20080
20104
20256
20280
20304
20328
20356
20380
20528
20552
20580
20724
20752
20776
20928
20948
21000
21028
21176
25300
29568
29580
29680
29692
29704
29712
29732
29744
29760
29772
29792
29796
29800
29800
29808
29808
29812
29812
29816
29824
29828
29828
29836
29836
29840
29840
29844
29844
29844
29844
29844
29844
29844
29844
29844
29844
29844
29844
29844
29844
29844
29844
29844
9732
11772
14652
15016
19564
19860
19860
19860
19860
19860
19860
13956
14500
17828
19684
19760
19852
19852
19852
19852
19852
9732
11772
11772
11772
11772
9732
9732
9732
14208
15112
19740
19820
19820
19820
19820
19820
19820
20004
20360
20912
21416
21420
21420
21420
21420
21420
21684
29832
29856
29856
29856
29856
29856
29856
29856
29856
29856
29856
29856
29856
29856
29856
29856
29856
29844
29844
29844
29844
29844
29844
29844
29844
29844
29844
29844
29844
27844
28476
45460
45576
45588
45588
45588
45588
45588
45984
45984
45996
46148
46196
46208
46208
46208
46208
46208
46212
46212
46212
46212
46212
46212
9732
9760
14356
15272
19676
19680
19720
19720
19720
19720
19720
19720
19720
19720
19720
9732
14800
19300
19836
19864
19868
19868
19868
19868
19868
19888
20288
20564
29324
29396
29396
29396
29396
29396
29396
29444
29512
29540
29560
29560
9732
9732
9752
9752
9752
11940
14536
15324
19512
19512
19512
19512
9732
9732
11772
11772
14004
14800
15320
15328
15328
15328
15328
15328
19424
19772
20048
20072
20072
20072
20072
20072
20072
20096
20096
20096
20096
20096
9732
9732
14568
14936
15264
15264
15264
15264
15264
15264
15264
9732
9732
9732
9732
9732
14568
14896
14912
14924
14924
14924
14928
14928
14952
14952
17948
19872
19872
19872
19872
19872
19872
20040
20040
9732
9732
9732
9732
9748
9748
14048
14052
14208
14332
14332
14336
14336
14336
14348
14532
14548
14548
14548
14548
14548
15176
19728
19800
19800
19800
19800
19800
19800
19800
19788
19788
19788
19788
19788
19788
19788
20584
20788
20832
20980
20980
20980
20980
20980
25216
25216
25216
25216
25216
25260
25260
25260
29576
29576
29576
29576
29576
29576
29576
29576
29576
29576
29576
29576
29576
29576
29576
29576
27596
28268
28268
28468
28472
28472
28472
28472
28472
28856
29056
29524
29696
29704
29704
29704
29704
29704
9732
14260
14956
15128
15128
15128
15128
15128
15128
15128
9732
9732
9732
9732
9732
15024
19616
19828
20044
20044
20044
20044
20044
20044
20092
20092
20340
20920
26736
27500
29612
29612
29612
29612
29612
29612
29616
29620
29620
29620
29620
29620
29620
29780
29816
29828
29828
29828
29828
29828
29828
29828
29828
9732
9732
15040
19708
19864
20040
20060
20060
20060
20060
20060
11988
11988
14608
17444
19760
19760
19760
19760
19760
19760
19836
19888
19888
19888
19888
19888
19888
20328
20932
20988
21008
21196
21436
23168
23168
23168
23168
23168
29760
29796
29808
29812
29820
29820
29820
29820
29820
29844
29844
29844
29844
29844
29844
29844
29844
29844
29844
29844
29844
29844
29844
29844
29844
29844
14048
14776
15248
19748
20004
20028
20028
20028
20028
20028
20548
21064
29732
29796
29840
29840
29840
29840
29840
29840
14208
14892
19660
19764
19832
19840
19840
19840
19840
19840
19860
20000
20000
20000
20000
20000
20000
20368
21152
29744
29752
29760
29760
29760
29760
29760
29760
29760
29760
29760
9732
9792
9792
9792
17032
19624
19872
20044
20092
20092
20092
20092
20092
20296
20324
20324
20324
20324
20324
20324
20324
14784
19424
19776
19892
20060
9732
9732
9732
9732
9732
11772
11772
11772
11772
11772
11772
11772
14360
15252
19820
20004
20052
20052
20052
20052
20052
20052
20076
20304
20324
20772
21248
21248
21248
21248
21248
21248
21248
21248
26076
29780
29796
29796
29796
29796
29796
29796
29800
29800
29800
29800
29800
29800
29800
9732
15080
16860
19300
19300
19300
19300
19300
19300
19588
19596
19628
19628
19628
19628
9732
14032
17844
19544
19552
19592
19592
19592
19592
19592
19844
19844
19844
19844
19844
19856
19856
19856
20460
20560
20708
20732
20732
20732
20732
20732
20816
29512
29544
29548
29548
29548
29548
29548
29548
29556
29596
29596
29596
29780
29780
29780
29780
29780
29780
29780
29780
29780
29780
29780
29780
29780
28420
28988
29004
29084
29084
29084
29084
29084
10144
11772
11920
11920
11920
11920
11920
11920
15068
19664
19852
19772
20004
20004
20004
20004
20004
20004
20004
20004
9748
9748
14848
15064
15204
19564
19564
19564
19564
19564
19564
19564
19564
19564
19564
19564
19564
19564
20092
20500
20500
20724
20724
20724
20724
20724
20724
20932
20932
20932
20932
20932
20932
20932
29688
29860
29868
29872
29872
29872
29872
29872
29872
29872
29872
29872
9732
9732
14672
14968
14992
15028
15028
15028
15028
15028
19760
19880
19884
19888
19888
19888
19888
19888
20048
20072
20072
20096
20096
20096
20096
20096
20580
20624
20792
20828
20828
20828
20828
20828
20852
20852
21256
21256
21256
21256
21256
21256
29508
29528
29528
29532
29532
29532
29532
29532
29532
11916
14496
14856
14928
14932
14932
14932
14932
14932
15224
17404
17404
17404
17404
17404
17404
19732
20116
20312
20336
20356
20356
20356
20356
9732
11736
11900
11900
11900
11900
9732
9732
14436
15092
19288
19640
19756
19756
19756
19756
19756
19760
19752
19756
19756
19756
19756
9796
9796
14604
16188
16188
19476
19476
19480
19480
19480
19480
19692
19692
19724
19724
19724
19724
19724
20080
20632
20980
21028
21352
21352
21352
21352
21352
21440
21440
25584
25584
25584
25584
25584
25584
29796
29812
29828
29828
27732
27732
27732
27732
27732
27732
27732
27772
27772
27772
27772
27772
27772
28856
29520
29688
29736
29760
29760
29760
29760
29760
29788
29788
29796
29796
29796
29796
29796
29796
40320
46212
46212
44228
44356
44356
44356
44356
44356
44356
44356
44356
44356
44356
44356
44356
44356
44356
44356
44356
44356
44356
44356
44356
9732
9732
9732
9732
9732
9732
9732
9732
9732
9732
9732
9732
9732
9732
9732
9732
9732
