9732 3.7
9732 3.7
9732 3.7
9732 3.7
9732 3.7
9732 3.7
9732 3.7
9732 3.7
11772 4.4
11772 4.4
11904 4.5
13964 5.3
13988 5.3
14008 5.3
14032 5.3
14064 5.3
14348 5.4
14520 5.5
14520 5.5
14520 5.5
14524 5.5
14524 5.5
14524 5.5
14556 5.5
14572 5.5
14572 5.5
14572 5.5
14576 5.5
14576 5.5
14576 5.5
14592 5.5
14592 5.5
14592 5.5
14592 5.5
14592 5.5
14592 5.5
14596 5.5
14596 5.5
14596 5.5
14608 5.5
14608 5.5
14608 5.5
14612 5.5
14612 5.5
14612 5.5
14624 5.5
14624 5.5
14624 5.5
14628 5.5
14628 5.5
14628 5.5
14632 5.5
14788 5.6
14828 5.6
14844 5.6
14844 5.6
14844 5.6
14848 5.6
14848 5.6
14848 5.6
14856 5.6
14856 5.6
14856 5.6
14860 5.6
14860 5.6
14860 5.6
14860 5.6
14860 5.6
14860 5.6
14880 5.6
14880 5.6
14880 5.6
14896 5.6
14896 5.6
14896 5.6
14896 5.6
14940 5.6
17132 6.5
19336 7.3
19372 7.3
19412 7.3
19444 7.4
19484 7.4
19520 7.4
19684 7.5
19716 7.5
19752 7.5
19824 7.5
19824 7.5
20004 7.6
20056 7.6
20080 7.6
20104 7.6
20256 7.7
20280 7.7
20304 7.7
20328 7.7
20356 7.7
20380 7.7
20528 7.8
20552 7.8
20580 7.8
20724 7.8
20752 7.9
20776 7.9
20928 7.9
20948 7.9
21000 8.0
21028 8.0
21176 8.0
25300 9.6
29568 11.2
29580 11.2
29680 11.3
29692 11.3
29704 11.3
29712 11.3
29732 11.3
29744 11.3
29760 11.3
29772 11.3
29792 11.3
29796 11.3
29800 11.3
29800 11.3
29808 11.3
29808 11.3
29812 11.3
29812 11.3
29816 11.3
29824 11.3
29828 11.3
29828 11.3
29836 11.3
29836 11.3
29840 11.3
29840 11.3
29844 11.3
29844 11.3
29844 11.3
29844 11.3
29844 11.3
29844 11.3
29844 11.3
29844 11.3
29844 11.3
29844 11.3
29844 11.3
29844 11.3
29844 11.3
29844 11.3
29844 11.3
29844 11.3
29844 11.3
9732 3.7
11772 4.4
14652 5.5
15016 5.7
19564 7.4
19860 7.5
19860 7.5
19860 7.5
19860 7.5
19860 7.5
19860 7.5
13956 5.3
14500 5.5
17828 6.7
19684 7.5
19760 7.5
19852 7.5
19852 7.5
19852 7.5
19852 7.5
19852 7.5
9732 3.7
11772 4.4
11772 4.4
11772 4.4
11772 4.4
9732 3.7
9732 3.7
9732 3.7
14208 5.4
15112 5.7
19740 7.5
19820 7.5
19820 7.5
19820 7.5
19820 7.5
19820 7.5
19820 7.5
20004 7.6
20360 7.7
20912 7.9
21416 8.1
21420 8.1
21420 8.1
21420 8.1
21420 8.1
21420 8.1
21684 8.2
29832 11.3
29856 11.3
29856 11.3
29856 11.3
29856 11.3
29856 11.3
29856 11.3
29856 11.3
29856 11.3
29856 11.3
29856 11.3
29856 11.3
29856 11.3
29856 11.3
29856 11.3
29856 11.3
29856 11.3
29844 11.3
29844 11.3
29844 11.3
29844 11.3
29844 11.3
29844 11.3
29844 11.3
29844 11.3
29844 11.3
29844 11.3
29844 11.3
29844 11.3
27844 10.6
28476 10.8
45460 17.3
45576 17.3
45588 17.3
45588 17.3
45588 17.3
45588 17.3
45588 17.3
45984 17.5
45984 17.5
45996 17.5
46148 17.5
46196 17.6
46208 17.6
46208 17.6
46208 17.6
46208 17.6
46208 17.6
46212 17.6
46212 17.6
46212 17.6
46212 17.6
46212 17.6
46212 17.6
9732 3.7
9760 3.7
14356 5.4
15272 5.8
19676 7.4
19680 7.5
19720 7.5
19720 7.5
19720 7.5
19720 7.5
19720 7.5
19720 7.5
19720 7.5
19720 7.5
19720 7.5
9732 3.7
14800 5.6
19300 7.3
19836 7.5
19864 7.5
19868 7.5
19868 7.5
19868 7.5
19868 7.5
19868 7.5
19888 7.5
20288 7.7
20564 7.8
29324 11.1
29396 11.2
29396 11.2
29396 11.2
29396 11.2
29396 11.2
29396 11.2
29444 11.2
29512 11.2
29540 11.2
29560 11.2
29560 11.2
9732 3.7
9732 3.7
9752 3.7
9752 3.7
9752 3.7
11940 4.5
14536 5.5
15324 5.8
19512 7.4
19512 7.4
19512 7.4
19512 7.4
9732 3.7
9732 3.7
11772 4.4
11772 4.4
14004 5.3
14800 5.6
15320 5.8
15328 5.8
15328 5.8
15328 5.8
15328 5.8
15328 5.8
19424 7.4
19772 7.5
20048 7.6
20072 7.6
20072 7.6
20072 7.6
20072 7.6
20072 7.6
20072 7.6
20096 7.6
20096 7.6
20096 7.6
20096 7.6
20096 7.6
9732 3.7
9732 3.7
14568 5.5
14936 5.6
15264 5.8
15264 5.8
15264 5.8
15264 5.8
15264 5.8
15264 5.8
15264 5.8
9732 3.7
9732 3.7
9732 3.7
9732 3.7
9732 3.7
14568 5.5
14896 5.6
14912 5.6
14924 5.6
14924 5.6
14924 5.6
14928 5.6
14928 5.6
14952 5.6
14952 5.6
17948 6.8
19872 7.5
19872 7.5
19872 7.5
19872 7.5
19872 7.5
19872 7.5
20040 7.6
20040 7.6
9732 3.7
9732 3.7
9732 3.7
9732 3.7
9748 3.7
9748 3.7
14048 5.3
14052 5.3
14208 5.4
14332 5.4
14332 5.4
14336 5.4
14336 5.4
14336 5.4
14348 5.4
14532 5.5
14548 5.5
14548 5.5
14548 5.5
14548 5.5
14548 5.5
15176 5.7
19728 7.5
19800 7.5
19800 7.5
19800 7.5
19800 7.5
19800 7.5
19800 7.5
19800 7.5
19788 7.5
19788 7.5
19788 7.5
19788 7.5
19788 7.5
19788 7.5
19788 7.5
20584 7.8
20788 7.9
20832 7.9
20980 7.9
20980 7.9
20980 7.9
20980 7.9
20980 7.9
25216 9.6
25216 9.6
25216 9.6
25216 9.6
25216 9.6
25260 9.6
25260 9.6
25260 9.6
29576 11.2
29576 11.2
29576 11.2
29576 11.2
29576 11.2
29576 11.2
29576 11.2
29576 11.2
29576 11.2
29576 11.2
29576 11.2
29576 11.2
29576 11.2
29576 11.2
29576 11.2
29576 11.2
27596 10.5
28268 10.7
28268 10.7
28468 10.8
28472 10.8
28472 10.8
28472 10.8
28472 10.8
28472 10.8
28856 10.9
29056 11.0
29524 11.2
29696 11.3
29704 11.3
29704 11.3
29704 11.3
29704 11.3
29704 11.3
9732 3.7
14260 5.4
14956 5.7
15128 5.7
15128 5.7
15128 5.7
15128 5.7
15128 5.7
15128 5.7
15128 5.7
9732 3.7
9732 3.7
9732 3.7
9732 3.7
9732 3.7
15024 5.7
19616 7.4
19828 7.5
20044 7.6
20044 7.6
20044 7.6
20044 7.6
20044 7.6
20044 7.6
20092 7.6
20092 7.6
20340 7.7
20920 7.9
26736 10.1
27500 10.4
29612 11.2
29612 11.2
29612 11.2
29612 11.2
29612 11.2
29612 11.2
29616 11.2
29620 11.2
29620 11.2
29620 11.2
29620 11.2
29620 11.2
29620 11.2
29780 11.3
29816 11.3
29828 11.3
29828 11.3
29828 11.3
29828 11.3
29828 11.3
29828 11.3
29828 11.3
29828 11.3
9732 3.7
9732 3.7
15040 5.7
19708 7.5
19864 7.5
20040 7.6
20060 7.6
20060 7.6
20060 7.6
20060 7.6
20060 7.6
11988 4.5
11988 4.5
14608 5.5
17444 6.6
19760 7.5
19760 7.5
19760 7.5
19760 7.5
19760 7.5
19760 7.5
19836 7.5
19888 7.5
19888 7.5
19888 7.5
19888 7.5
19888 7.5
19888 7.5
20328 7.7
20932 7.9
20988 7.9
21008 8.0
21196 8.0
21436 8.1
23168 8.8
23168 8.8
23168 8.8
23168 8.8
23168 8.8
29760 11.3
29796 11.3
29808 11.3
29812 11.3
29820 11.3
29820 11.3
29820 11.3
29820 11.3
29820 11.3
29844 11.3
29844 11.3
29844 11.3
29844 11.3
29844 11.3
29844 11.3
29844 11.3
29844 11.3
29844 11.3
29844 11.3
29844 11.3
29844 11.3
29844 11.3
29844 11.3
29844 11.3
29844 11.3
29844 11.3
14048 5.3
14776 5.6
15248 5.8
19748 7.5
20004 7.6
20028 7.6
20028 7.6
20028 7.6
20028 7.6
20028 7.6
20548 7.8
21064 8.0
29732 11.3
29796 11.3
29840 11.3
29840 11.3
29840 11.3
29840 11.3
29840 11.3
29840 11.3
14208 5.4
14892 5.6
19660 7.4
19764 7.5
19832 7.5
19840 7.5
19840 7.5
19840 7.5
19840 7.5
19840 7.5
19860 7.5
20000 7.6
20000 7.6
20000 7.6
20000 7.6
20000 7.6
20000 7.6
20368 7.7
21152 8.0
29744 11.3
29752 11.3
29760 11.3
29760 11.3
29760 11.3
29760 11.3
29760 11.3
29760 11.3
29760 11.3
29760 11.3
29760 11.3
9732 3.7
9792 3.7
9792 3.7
9792 3.7
17032 6.4
19624 7.4
19872 7.5
20044 7.6
20092 7.6
20092 7.6
20092 7.6
20092 7.6
20092 7.6
20296 7.7
20324 7.7
20324 7.7
20324 7.7
20324 7.7
20324 7.7
20324 7.7
20324 7.7
14784 5.6
19424 7.4
19776 7.5
19892 7.5
20060 7.6
9732 3.7
9732 3.7
9732 3.7
9732 3.7
9732 3.7
11772 4.4
11772 4.4
11772 4.4
11772 4.4
11772 4.4
11772 4.4
11772 4.4
14360 5.4
15252 5.8
19820 7.5
20004 7.6
20052 7.6
20052 7.6
20052 7.6
20052 7.6
20052 7.6
20052 7.6
20076 7.6
20304 7.7
20324 7.7
20772 7.9
21248 8.0
21248 8.0
21248 8.0
21248 8.0
21248 8.0
21248 8.0
21248 8.0
21248 8.0
26076 9.9
29780 11.3
29796 11.3
29796 11.3
29796 11.3
29796 11.3
29796 11.3
29796 11.3
29800 11.3
29800 11.3
29800 11.3
29800 11.3
29800 11.3
29800 11.3
29800 11.3
9732 3.7
15080 5.7
16860 6.4
19300 7.3
19300 7.3
19300 7.3
19300 7.3
19300 7.3
19300 7.3
19588 7.4
19596 7.4
19628 7.4
19628 7.4
19628 7.4
19628 7.4
9732 3.7
14032 5.3
17844 6.8
19544 7.4
19552 7.4
19592 7.4
19592 7.4
19592 7.4
19592 7.4
19592 7.4
19844 7.5
19844 7.5
19844 7.5
19844 7.5
19844 7.5
19856 7.5
19856 7.5
19856 7.5
20460 7.7
20560 7.8
20708 7.8
20732 7.9
20732 7.9
20732 7.9
20732 7.9
20732 7.9
20816 7.9
29512 11.2
29544 11.2
29548 11.2
29548 11.2
29548 11.2
29548 11.2
29548 11.2
29548 11.2
29556 11.2
29596 11.2
29596 11.2
29596 11.2
29780 11.3
29780 11.3
29780 11.3
29780 11.3
29780 11.3
29780 11.3
29780 11.3
29780 11.3
29780 11.3
29780 11.3
29780 11.3
29780 11.3
29780 11.3
28420 10.8
28988 11.0
29004 11.0
29084 11.0
29084 11.0
29084 11.0
29084 11.0
29084 11.0
10144 3.8
11772 4.4
11920 4.5
11920 4.5
11920 4.5
11920 4.5
11920 4.5
11920 4.5
15068 5.7
19664 7.4
19852 7.5
19772 7.5
20004 7.6
20004 7.6
20004 7.6
20004 7.6
20004 7.6
20004 7.6
20004 7.6
20004 7.6
9748 3.7
9748 3.7
14848 5.6
15064 5.7
15204 5.7
19564 7.4
19564 7.4
19564 7.4
19564 7.4
19564 7.4
19564 7.4
19564 7.4
19564 7.4
19564 7.4
19564 7.4
19564 7.4
19564 7.4
19564 7.4
20092 7.6
20500 7.8
20500 7.8
20724 7.8
20724 7.8
20724 7.8
20724 7.8
20724 7.8
20724 7.8
20932 7.9
20932 7.9
20932 7.9
20932 7.9
20932 7.9
20932 7.9
20932 7.9
29688 11.3
29860 11.3
29868 11.3
29872 11.3
29872 11.3
29872 11.3
29872 11.3
29872 11.3
29872 11.3
29872 11.3
29872 11.3
29872 11.3
9732 3.7
9732 3.7
14672 5.5
14968 5.7
14992 5.7
15028 5.7
15028 5.7
15028 5.7
15028 5.7
15028 5.7
19760 7.5
19880 7.5
19884 7.5
19888 7.5
19888 7.5
19888 7.5
19888 7.5
19888 7.5
20048 7.6
20072 7.6
20072 7.6
20096 7.6
20096 7.6
20096 7.6
20096 7.6
20096 7.6
20580 7.8
20624 7.8
20792 7.9
20828 7.9
20828 7.9
20828 7.9
20828 7.9
20828 7.9
20852 7.9
20852 7.9
21256 8.1
21256 8.1
21256 8.1
21256 8.1
21256 8.1
21256 8.1
29508 11.2
29528 11.2
29528 11.2
29532 11.2
29532 11.2
29532 11.2
29532 11.2
29532 11.2
29532 11.2
11916 4.5
14496 5.5
14856 5.6
14928 5.6
14932 5.6
14932 5.6
14932 5.6
14932 5.6
14932 5.6
15224 5.8
17404 6.6
17404 6.6
17404 6.6
17404 6.6
17404 6.6
17404 6.6
19732 7.5
20116 7.6
20312 7.7
20336 7.7
20356 7.7
20356 7.7
20356 7.7
20356 7.7
9732 3.7
11736 4.4
11900 4.5
11900 4.5
11900 4.5
11900 4.5
9732 3.7
9732 3.7
14436 5.5
15092 5.7
19288 7.3
19640 7.4
19756 7.5
19756 7.5
19756 7.5
19756 7.5
19756 7.5
19760 7.5
19752 7.5
19756 7.5
19756 7.5
19756 7.5
19756 7.5
9796 3.7
9796 3.7
14604 5.5
16188 6.1
16188 6.1
19476 7.4
19476 7.4
19480 7.4
19480 7.4
19480 7.4
19480 7.4
19692 7.5
19692 7.5
19724 7.5
19724 7.5
19724 7.5
19724 7.5
19724 7.5
20080 7.6
20632 7.8
20980 7.9
21028 8.0
21352 8.1
21352 8.1
21352 8.1
21352 8.1
21352 8.1
21440 8.1
21440 8.1
25584 9.7
25584 9.7
25584 9.7
25584 9.7
25584 9.7
25584 9.7
29796 11.3
29812 11.3
29828 11.3
29828 11.3
27732 10.5
27732 10.5
27732 10.5
27732 10.5
27732 10.5
27732 10.5
27732 10.5
27772 10.5
27772 10.5
27772 10.5
27772 10.5
27772 10.5
27772 10.5
28856 10.9
29520 11.2
29688 11.3
29736 11.3
29760 11.3
29760 11.3
29760 11.3
29760 11.3
29760 11.3
29788 11.3
29788 11.3
29796 11.3
29796 11.3
29796 11.3
29796 11.3
29796 11.3
29796 11.3
40320 15.3
46212 17.6
46212 17.6
44228 16.8
44356 16.9
44356 16.9
44356 16.9
44356 16.9
44356 16.9
44356 16.9
44356 16.9
44356 16.9
44356 16.9
44356 16.9
44356 16.9
44356 16.9
44356 16.9
44356 16.9
44356 16.9
44356 16.9
44356 16.9
44356 16.9
44356 16.9
44356 16.9
9732 3.7
9732 3.7
9732 3.7
9732 3.7
9732 3.7
9732 3.7
9732 3.7
9732 3.7
9732 3.7
9732 3.7
9732 3.7
9732 3.7
9732 3.7
9732 3.7
9732 3.7
9732 3.7
9732 3.7
